21
120
130
140
150
160
170
120
130
140
150
160
170
180
200
190
200
230
270
210
120
110


14
120
130
140
150
160
170
120
130
140
150
160
170
180
200


21
120
130
140
150
160
170
120
130
140
150
160
170
180
200
190
200
230
270
210
120
110


0

1
300



8
56
113
67
86
94
105
87
102





5
35
40
101
59
63


5
110
110
70
70
50


6
110
110
70
69
70
50


5
35
40
101
259
63


5
35
40
101
259
63

5
110
110
70
70
50




7
101
32
54
24
101
40
50


5
35
40
101
59
63


6
35
40
10
59
63
102





7
101
32
54
24
101
1140
150





5
35
40
101
59
63
