7 15

[1, 0, 0, 0, 1, 1, 0, 2, 5, 5, 10, 23, 40, 74, 146]
[0, 0, 1, 1, 0, 2, 5, 5, 10, 23, 40, 74, 146, 281, 538]
[0, 1, 0, 2, 4, 4, 10, 21, 35, 69, 136, 258, 498, 972, 1602]
[0, 1, 2, 2, 7, 14, 23, 49, 98, 185, 361, 712, 1382, 2678, 4183]
[1, 0, 4, 7, 12, 30, 60, 114, 229, 457, 891, 1736, 3404, 6369, 9294]
[1, 2, 4, 14, 28, 55, 116, 237, 466, 917, 1813, 3557, 6940, 12513, 16000]
[0, 5, 8, 18, 41, 86, 172, 344, 687, 1357, 2659, 5212, 9918, 16255, 13309]



7 15
13309

4 4
7 15
4 7

7 15
13309



7 7
7 15


2 11

4 4






4 4


31 34
3 2
5 5
31 34



31 34


2 2
1 2
3 1


1 1
9 9 9 9 9
3 0 0 0 0
9 9 9 9 9

6 6 6 6 8
9 9 9 9 9


5 5
9 9 9 9 9
3 0 0 0 0
9 9 9 9 9
6 6 6 6 8
9 9 9 9 9

