2
0 10000


50
5020 8263 7952 3426 6740 9532 9693 9411 4592 6013 6032 9996 7981 5512 7448 2274 3452 3630 3728 1662 7935 1801 3579 6796 7641 3719 6077 3672 3120 2455 5687 7606 3424 3150 5058 4102 4844 8595 2329 2240 2203 7565 2149 6657 3165 8233 2139 6737 8532 1519
2414

15
9731 6194 9485 464 8805 4231 5063 5638 2604 448 84 9631 3034 5153 7526
3813

100
5713 7522 1491 1310 9443 3639 6621 5566 3192 1966 2222 3827 7865 2672 4951 5915 2772 827 224 6739 9111 3157 2865 3917 9934 7268 110 7160 8957 5059 5556 2394 3051 4553 5148 6092 5755 6837 8812 7772 1660 7364 3800 1142 4006 3312 8374 6859 338 1229 6892 2361 3557 1673 9916 6754 8220 84 5409 1211 4426 5587 9648 7866 4133 1954 8909 2651 7253 7449 5550 70 7361 2761 4567 354 9372 8757 9225 1987 4025 8263 6847 5051 6512 8603 8378 3381 9105 4104 7788 5985 119 294 9928 690 4065 7928 5512 310
3126

6
3 13 12 4 14 6
5




15
9731 6194 9485 464 8805 4231 5063 5638 2604 448 84 9631 3034 5153 7526
3813



100
5713 7522 1491 1310 9443 3639 6621 5566 3192 1966 2222 3827 7865 2672 4951 5915 2772 827 224 6739 9111 3157 2865 3917 9934 7268 110 7160 8957 5059 5556 2394 3051 4553 5148 6092 5755 6837 8812 7772 1660 7364 3800 1142 4006 3312 8374 6859 338 1229 6892 2361 3557 1673 9916 6754 8220 84 5409 1211 4426 5587 9648 7866 4133 1954 8909 2651 7253 7449 5550 70 7361 2761 4567 354 9372 8757 9225 1987 4025 8263 6847 5051 6512 8603 8378 3381 9105 4104 7788 5985 119 294 9928 690 4065 7928 5512 310 


11
70 84 110 119 224 294 310 338 354 690 827
262
