4
1 4
1 4
5 4
5 4

1 2 1 2

1+1+ 5 = 7
4 = 10


4 +4


6
5 4
5 4
5 4
1 4
1 4
1 4

2 1 2 1 1 1
1 1 1 2 1 1
2 1 2 1 1 1 1

5 5 5 4 1 1




20
10 67
55 51
76 50
69 47
44 52
15 17
26 40
31 85
69 56
46 35
82 53
66 99
36 83
63 72
36 20
90 45
32 66
7 56
100 9
63 35

3
1 1
10 2
1 4

20
10 67
55 51
76 50
69 47
44 52
15 17
26 40
31 85
69 56
46 35
82 53
66 99
36 83
63 72
36 20
90 45
32 66
7 56
100 9
63 35


6
2 1
2 1
3 2
3 2
2 1
2 1

2 1 2 1 2 2
0 1
2 1
2 3
5 3
5 4
5 5




2 1 2 1 2 2

2 1 1 2 1 2
2 1 2 1 1 2


6
5 4
5 4
5 4
1 4
1 4
1 4

2 1 2 1 1 1

6
1 4
1 4
1 4
5 4
5 4
5 4

4
1 4
1 4
5 4
5 4

1 2 1 2

1+1+ 5 = 7
4 = 10


4 +4



6
1 4
1 4
1 4
5 4
5 4
5 4

8
1 1 2 1 2 2
1 2 4 9
1+1+4+5+4+4
1+1+1
4+4+4

3
1 1
10 1
1 4


3
1 1
10 2
1 4


3
1 1
10 9
1 4