100
3998 0
6950 5418
3923 7679
7133 2842
1412 6190
1046 9408
379 7305
6113 2598
7521 8493
7050 302
1309 4709
9151 9108
2809 9398
7710 3307
77 3333
6560 9453
330 2356
1188 3823
6627 7643
4405 2618
8262 4564
5024 7263
6605 8739
2534 9623
592 391
3225 4507
8603 581
5732 9285
5925 5417
6482 2971
9534 6847
7993 9609
4415 1101
5508 3312
8123 8412
9927 4795
2826 74
7504 1747
6531 1456
9286 7878
7717 2058
5748 8004
102 6193
4614 8986
6747 408
2309 8898
5233 6223
2029 9232
8111 9282
3889 7528
5367 8519
5121 221
8097 1430
787 8102
5122 4029
7982 9189
6770 6616
8989 6387
2527 8906
1357 9763
1784 658
5380 5782
9402 6363
1923 8351
309 5099
6090 9016
9849 9156
4687 6150
9097 7497
7952 5478
6873 2688
8520 6786
2657 2345
3097 4157
7132 8739
4804 9572
9573 2612
6666 2226
3804 9823
9212 8399
6931 1912
7651 9233
7586 4167
6607 6244
2880 7299
2860 6930
5811 1316
9077 5308
7315 2682
4004 4722
9701 8366
7077 2779
686 2869
7919 739
9731 6818
3713 2218
930 8234
9895 8536
9129 56
2146 568
