1000
528 -168
512 -461
258 1509
518 -378
-470 10
91 1683
101 -1687
527 195
-465 -235
-217 -1482
92 -1691
-447 504
509 -492
-193 1517
-458 -382
-318 -1226
-427 684
414 1085
-470 -64
167 1630
471 -807
424 -1049
-470 32
435 992
162 -1643
207 -1594
475 -779
87 1685
-135 1600
-443 -556
522 -316
-149 -1591
528 131
-32 1683
-361 1058
-38 1680
520 -337
-366 1032
-434 625
-470 64
307 1412
-342 -1141
-277 -1345
345 1317
404 -1131
528 -146
472 793
-458 370
442 957
-18 -1696
-314 1230
-442 -566
-301 -1277
135 -1666
487 687
269 1489
488 -682
490 -673
520 342
183 -1622
328 -1369
389 1180
-155 -1583
362 -1275
-182 1536
-464 -277
-56 1670
-72 1660
-315 -1233
198 -1605
-368 -1035
180 1618
-323 1201
-138 1597
-392 910
-25 1686
-433 635
-290 1301
483 717
510 -482
63 -1700
-470 21
454 895
402 1133
-292 -1305
219 -1578
-252 -1408
-442 555
-239 -1437
51 -1703
526 205
-448 494
275 1479
464 840
4 -1702
-468 160
-156 1574
-181 -1545
-401 -866
161 1636
404 1126
-21 -1695
373 1233
-2 -1700
-379 -983
-327 1185
-134 -1609
73 -1698
-452 -454
-258 1386
463 -854
402 -1139
-460 -340
215 1575
510 477
48 -1703
-115 1623
326 -1375
-409 809
189 1608
514 -430
-453 433
-60 1669
512 -451
310 -1412
470 802
-344 1123
110 -1682
272 1484
-99 1638
-464 -266
524 -274
371 -1246
20 -1704
527 -199
-111 1627
-159 1570
361 1269
-129 1607
-378 981
527 -178
-81 1654
357 -1289
516 395
-75 1658
156 -1649
530 -18
-406 -838
-322 -1211
-131 -1613
-395 892
-276 1341
491 658
432 -1015
31 1696
-280 -1338
-306 -1263
244 1533
528 152
-146 -1595
469 -817
-198 -1517
78 1688
-89 -1655
-441 -576
335 1344
-218 1472
137 1657
3 1693
389 -1186
-461 -319
-212 -1492
104 -1685
277 1474
267 -1501
419 -1074
-423 -725
37 1696
-118 1620
-462 -308
355 -1296
507 -512
-304 -1270
6 1694
-362 -1060
530 -29
-470 -11
-375 -1000
517 384
-226 1456
527 184
-153 1578
232 1550
-470 0
-359 1066
301 1424
428 -1032
-268 1361
-92 -1652
22 1696
35 -1704
-354 -1093
-463 -287
-282 -1332
248 -1535
293 1441
-47 1676
511 -471
-370 -1026
-374 998
516 -410
371 1240
-223 -1471
-77 -1665
-129 -1616
-390 919
-86 -1657
201 -1601
-426 694
-338 1147
-336 1155
-176 1545
146 1649
13 -1703
-52 -1681
408 1109
305 -1424
125 1665
-46 -1684
-458 360
54 -1702
-439 585
-16 1689
530 67
-210 1487
-413 -792
-233 -1449
-184 -1541
466 830
40 1696
494 -633
-120 -1626
-465 244
-232 1445
496 608
69 1691
-255 -1402
397 1149
25 1696
278 -1480
500 578
-351 1099
-74 -1667
-462 297
-229 1450
530 3
159 -1646
482 726
-308 -1255
132 -1668
524 269
-273 1348
441 -971
382 1203
-391 -921
308 -1418
-455 -423
-467 -192
-207 1493
-263 1373
-12 -1698
250 -1530
245 -1539
-107 -1638
410 1101
322 1375
70 -1699
-126 1611
250 1523
-37 -1689
224 1563
-464 -256
529 -93
62 1692
126 -1673
-469 -96
-355 1082
-368 1024
496 -623
516 -399
511 457
-170 -1563
-221 1466
-158 -1579
-385 946
491 -663
-432 645
325 1369
505 -533
446 940
300 -1436
381 -1216
120 -1677
-288 1308
-260 -1390
-465 234
-34 -1690
-382 -965
-371 -1018
-416 -773
476 -769
85 -1694
452 -918
-175 -1554
-457 381
336 -1349
-397 883
175 -1631
-469 74
252 1519
-465 -245
422 -1057
112 1673
501 -573
383 -1209
273 -1490
-126 -1620
-430 665
525 -252
285 1457
-318 1216
281 -1474
-403 846
-400 864
421 -1066
-329 1178
530 35
448 931
508 498
-294 -1298
242 -1544
523 279
-456 -403
-255 1392
465 -845
519 -358
309 1406
498 599
-313 -1241
-466 -224
-353 1091
-247 -1420
-444 535
-419 -753
-393 901
-199 1507
-66 1665
529 -114
-394 -903
315 -1400
480 736
-428 674
-234 1439
-93 1643
-460 329
302 -1430
-357 1074
82 -1695
236 -1553
299 1429
528 142
-28 1684
129 -1670
-165 1562
507 508
-137 -1606
-281 1328
-425 -705
487 -692
171 -1635
119 1669
122 1667
505 528
530 -8
174 1624
517 -389
-114 -1632
-470 53
477 755
527 -189
-383 955
262 -1511
-172 -1558
-337 -1157
-470 -32
-266 1367
529 -82
476 765
472 -798
53 1694
-423 713
253 -1525
424 1044
530 -50
-295 1288
457 -891
-388 928
94 1682
-409 -820
-386 -948
-285 -1325
502 558
530 -61
369 -1253
479 -750
-15 -1697
493 638
-356 -1085
376 -1231
-428 -686
456 886
528 -136
255 1514
508 -502
-168 1558
-469 117
264 -1506
-468 -150
-433 -646
-13 1690
458 -882
420 1060
-445 -536
67 -1699
-24 -1694
155 1642
-344 -1134
485 -712
218 1571
-459 350
116 -1678
-9 -1699
522 300
524 -263
-117 -1629
-470 -54
499 -593
-187 -1536
502 -563
-398 874
493 -643
522 -305
461 858
-215 -1487
152 1644
-437 605
-40 -1687
509 487
475 774
-463 287
144 -1659
-334 1162
-452 443
-299 -1284
387 -1193
-44 1677
158 1639
-362 1049
79 -1696
515 -420
-467 191
430 -1023
-364 -1052
323 -1381
197 1598
526 -231
56 1694
-446 -526
-398 -885
-466 202
247 1528
337 1337
529 78
284 -1469
526 -221
-415 -782
75 1689
492 -653
-248 1410
-111 -1635
528 -157
-333 -1173
-445 525
468 -826
411 -1107
-96 1641
-443 545
331 -1362
289 -1458
-366 -1043
-469 96
-271 1354
-49 -1683
-179 1540
-324 -1204
478 -760
426 -1040
-348 -1117
521 321
115 1671
-346 -1126
-260 1380
327 1363
-431 -666
264 1499
-309 1245
348 -1316
-108 1630
28 1696
-448 -506
380 1211
304 1418
-424 -715
-462 308
-422 723
-170 1553
484 707
210 -1590
-245 1416
417 -1082
481 -741
15 1695
-305 1259
-43 -1686
353 -1302
458 877
286 -1464
42 -1704
239 -1548
-435 -626
-468 138
521 -326
-144 1589
123 -1675
459 867
-102 1635
-293 1294
-352 -1101
-384 -957
529 120
503 -553
391 1173
-150 1582
513 -441
-225 -1465
406 1118
-19 1688
426 1035
-455 412
-459 -361
365 -1267
504 538
283 1463
523 -295
200 1594
436 -998
412 1093
138 -1664
-376 990
-468 -139
26 -1704
44 1695
-455 -413
-63 1667
-377 -992
434 -1006
-396 -894
320 -1388
408 -1115
-231 -1454
-321 1208
165 -1640
-84 1651
-285 1315
183 1615
-31 -1691
12 1695
-439 -597
485 697
366 1255
497 -613
338 -1343
-412 790
-440 -586
280 1468
449 922
-454 422
195 -1608
-469 -107
-123 -1623
-467 170
-307 1252
-123 1614
-386 937
134 1659
526 -210
-446 515
47 1695
-101 -1644
-401 855
-215 1477
-62 -1675
81 1687
-410 -810
-364 1041
512 446
506 -523
-469 106
-6 -1700
-470 -43
431 1010
-237 1433
221 1567
-196 1512
375 1225
486 -702
29 -1704
-3 1692
-132 1604
446 -945
-468 -171
-441 565
192 -1612
-290 -1312
50 1695
-253 1398
519 353
57 -1701
-407 -829
530 56
171 1627
416 1077
492 648
-468 149
357 1283
-224 1461
225 -1570
-406 827
-325 1193
341 -1336
-202 1503
-297 -1291
-431 655
482 -731
499 589
-204 -1507
-335 -1165
-201 -1512
-152 -1587
-87 1649
10 -1703
206 1587
-393 -912
529 -125
433 1001
-467 181
-105 1632
460 -872
444 949
-450 -485
-453 -444
-236 -1443
-55 -1679
-327 -1196
191 1605
430 1018
400 -1147
-462 -298
392 -1178
313 -1406
98 -1688
-185 1531
-460 -350
-458 -371
97 1681
-451 -465
-244 -1426
7 -1702
418 1069
451 913
203 1591
-147 1586
345 -1323
-373 -1009
-470 -75
1 -1701
-346 1115
529 88
450 -927
-270 -1364
38 -1704
504 -543
513 436
-241 -1432
-329 -1188
-265 -1377
-173 1549
-461 -329
-283 1322
-331 -1181
-80 -1662
18 1696
-350 -1109
350 1304
518 -368
107 -1684
9 1695
209 1583
-404 -848
-339 -1149
186 -1619
489 668
395 1157
350 -1309
520 -347
396 -1163
-320 -1219
84 1686
-267 -1371
-457 -392
-35 1682
147 -1657
275 -1485
354 1290
-466 213
473 784
-300 1274
-438 595
-440 575
368 1247
128 1663
-420 -744
177 1621
-78 1656
359 1276
-311 1238
443 -963
-68 -1671
100 1679
189 -1615
-436 615
525 227
45 -1703
-242 1422
-402 -857
522 290
140 1654
241 1537
530 -40
0 1693
34 1696
141 -1662
95 -1690
-302 1267
-59 -1677
131 1661
-311 -1248
109 1675
32 -1704
488 678
-297 1281
332 1350
-164 -1571
-450 474
340 1330
-470 -22
-98 -1647
520 332
-460 339
367 -1260
-188 1527
228 -1566
-275 -1352
364 1262
-422 -734
498 -603
501 568
333 -1356
439 -980
-415 771
330 1356
-468 -160
212 1579
-228 -1460
-434 -636
-83 -1660
529 -104
-436 -616
-466 -213
143 1652
528 163
-257 -1396
524 258
-27 -1693
-121 1617
-425 704
204 -1597
483 -721
474 -788
-7 1691
-454 -434
230 -1561
150 -1654
515 405
479 745
227 1559
-417 -763
288 1452
-204 1498
312 1400
168 -1638
-372 1007
-450 -475
-416 761
-469 -118
213 -1586
317 1388
-449 -495
-272 -1358
-432 -656
515 415
-250 1404
-451 463
352 1297
-381 963
261 1504
320 1382
500 -583
-342 1131
378 1218
181 -1625
-405 837
422 1052
-388 -939
106 1676
-332 1170
-141 1593
527 174
439 975
-444 -546
60 -1701
-206 -1502
453 904
-287 -1318
-389 -930
393 1165
149 1647
525 237
66 1692
103 1678
266 1494
-419 742
-464 255
-316 1223
-90 1646
59 1693
16 -1703
-104 -1641
216 -1582
384 1196
-452 453
378 -1224
194 1601
-360 -1068
233 -1557
-213 1482
-195 -1522
164 1633
530 46
394 -1170
-178 -1550
-53 1672
374 -1238
428 1027
-399 -875
238 1542
437 984
-468 128
525 -242
-65 -1673
113 -1680
503 548
385 -1201
-466 223
518 374
455 -900
-348 1107
-340 1139
-447 -516
-469 85
318 -1394
-461 318
222 -1574
-220 -1476
467 821
-463 276
178 -1628
72 1690
-71 -1669
406 -1123
-358 -1077
-161 -1575
461 -863
-190 1522
441 966
342 1324
-418 752
296 1435
315 1394
23 -1704
-50 1674
529 99
-209 -1497
-10 1691
523 -284
347 1310
-408 818
494 628
-469 -86
-69 1662
186 1612
-190 -1531
462 849
270 -1495
398 -1155
445 -954
292 -1453
-240 1428
-167 -1567
495 618
387 1188
469 812
-249 -1414
294 -1447
-449 484
524 248
448 -936
-412 -801
-456 402
518 363
76 -1697
-456 391
-143 -1599
291 1446
-467 -182
-438 -607
-162 1566
-470 42
230 1555
453 -909
399 1141
259 -1515
-140 -1602
-95 -1650
360 -1282
-411 799
-421 733
343 -1330
506 518
-192 -1527
-464 266
466 -835
413 -1099
415 -1090
-41 1679
-427 -695
530 -72
-262 -1383
153 -1651
-469 -128
529 110
-278 1335
514 426
-381 -974
521 311
-467 -203
-414 780
297 -1441
235 1546
510 467
530 24
530 14
438 -989
-22 1687
526 216
256 -1520
-379 972
88 -1692
-370 1015
-429 -676



1000
826 -81
801 -219
395 708
810 -180
-770 3
127 790
144 -796
825 90
-763 -113
-366 -699
129 -798
-733 235
796 -234
-327 712
-750 -182
-526 -579
-702 320
644 508
-769 -32
250 765
735 -382
661 -496
-770 13
678 465
242 -775
314 -752
742 -369
122 791
-235 751
-727 -264
816 -151
-257 -751
827 60
-69 790
-595 496
-79 789
815 -161
-604 484
-713 292
-769 28
473 662
-565 -539
-462 -635
533 618
629 -534
827 -71
737 371
-750 172
690 448
-47 -800
-520 577
-725 -269
-500 -603
198 -786
761 321
412 699
764 -323
766 -319
813 159
276 -765
507 -646
604 553
-266 -747
562 -602
-309 721
-760 -132
-108 784
-133 779
-523 -583
299 -757
-606 -489
269 759
-534 563
-239 749
-645 426
-59 791
-711 297
-482 610
755 335
798 -229
84 -802
-770 8
709 419
625 531
-485 -616
332 -745
-421 -665
-725 259
-400 -679
63 -803
824 95
-735 230
421 694
725 393
-12 -803
-766 73
-268 739
-308 -729
-659 -410
240 768
628 528
-52 -800
579 578
-22 -802
-624 -465
-542 556
-233 -759
99 -801
-741 -216
-431 650
723 -404
626 -538
-754 -162
326 739
797 222
58 -803
-201 762
503 -649
-673 378
284 755
804 -205
-743 201
-113 783
802 -214
478 -667
734 375
-569 526
158 -794
417 696
-177 769
-760 -127
820 -131
576 -588
13 -804
825 -96
-196 763
-272 737
560 595
-225 754
-622 459
826 -86
-148 776
554 -609
808 184
-138 778
232 -778
830 -11
-667 -397
-533 -572
-228 -761
-650 418
-459 629
767 308
673 -480
32 796
-466 -632
-508 -596
372 719
827 70
-252 -753
733 -386
-335 -716
107 792
-161 -781
-723 -273
518 630
-367 691
201 777
-14 795
605 -560
-756 -152
-357 -704
148 -795
426 691
409 -708
652 -507
-695 -343
42 796
-206 760
-757 -147
550 -612
793 -243
-504 -600
-8 795
-597 -501
830 -16
-770 -7
-618 -473
809 179
-380 683
825 85
-263 740
354 728
-770 -2
-592 499
464 668
667 -488
-447 638
-166 -780
17 796
38 -804
-584 -516
-759 -137
-470 -629
378 -724
452 676
-93 786
799 -224
-609 -485
-616 468
807 -195
575 581
-374 -694
-141 -785
-224 -763
-642 430
-156 -782
304 -756
-699 324
-559 538
-555 541
-300 725
216 774
3 -804
-102 -793
635 520
470 -672
182 782
-92 -795
-751 167
68 -803
-720 273
-44 793
829 29
-354 698
-679 -375
-392 -684
-312 -727
727 389
47 796
773 -300
-209 -767
-761 113
-389 678
776 284
92 794
-425 -662
618 539
22 796
427 -699
782 270
-579 515
-136 -787
-757 138
-384 680
830 -1
237 -777
752 340
-512 -593
193 -787
820 124
-455 632
688 -459
593 564
-644 -435
474 -669
-745 -201
-765 -93
-349 700
-439 644
-37 -801
383 -722
374 -726
-190 -773
638 516
498 645
94 -801
-220 756
381 715
-77 -797
340 733
-761 -122
829 -46
82 794
183 -789
-769 -48
-585 507
-607 480
775 -295
808 -190
800 213
-289 -738
-371 688
-271 -745
-634 443
767 -314
-709 301
502 642
790 -253
695 440
461 -678
591 -574
173 -791
-479 613
-433 -656
-762 108
-72 -797
-630 -456
-612 -481
-684 -366
744 -364
119 -799
705 -434
-298 -733
-749 177
519 -637
-653 413
261 -770
-769 33
386 713
-762 -118
658 -500
162 785
784 -272
594 -571
418 -703
-219 -764
-706 311
821 -121
439 684
-527 570
431 -696
-663 396
-658 405
655 -504
-545 552
830 14
698 436
794 232
-489 -613
369 -729
819 129
-748 -192
-427 653
725 -400
813 -170
477 660
778 280
-519 -586
-763 -108
-582 511
-413 -670
-729 250
-688 -357
-647 422
-336 707
-123 781
828 -56
-649 -427
487 -661
750 344
-704 315
-393 675
-167 771
-755 153
466 -675
-589 503
114 -800
360 -733
460 671
827 65
-64 791
188 -788
-282 733
793 237
-238 -758
-467 623
-699 -334
762 -328
256 -771
172 783
177 782
790 246
830 -6
260 762
809 -185
-200 -770
-770 23
746 353
825 -91
-631 447
401 -713
-294 -736
-558 -547
-770 -17
-443 641
829 -41
744 358
737 -378
67 795
-695 334
387 -720
660 489
830 -26
-490 604
713 -421
-639 435
132 789
-672 -388
-635 -448
-473 -626
785 261
830 -31
573 -592
749 -355
-42 -801
771 298
-587 -513
584 -581
-703 -325
712 415
828 -66
390 710
795 -238
-286 731
-768 53
405 -711
-767 -73
-711 -306
-39 793
715 -417
654 497
-730 -254
89 -802
-57 -799
231 770
-568 -536
757 -337
331 737
-753 162
168 -792
-32 -802
817 139
821 -126
-204 -769
-770 -27
780 -281
-317 -725
785 -267
-655 409
771 -305
817 -146
719 402
-361 -702
226 772
-717 283
-82 -796
796 227
741 362
-758 133
213 -783
-552 545
-742 206
-497 -606
602 -564
-88 787
235 769
-598 492
109 -800
806 -200
-765 88
670 -484
-600 -497
499 -652
298 750
823 -111
72 795
-731 -250
-654 -418
-764 93
377 717
522 627
829 34
436 -693
823 -106
-681 -370
102 793
769 -309
-414 661
-195 -772
827 -76
-551 -554
-730 245
730 -391
639 -523
-172 770
-727 254
511 -643
444 -688
-603 -493
-769 43
-451 635
-97 -794
-305 723
-537 -568
747 -360
664 -492
-575 -528
815 149
167 784
-571 -532
-435 647
506 639
-707 -316
404 703
-513 584
539 -621
-192 765
27 796
-734 -240
590 568
469 665
-697 -339
-756 143
-693 338
-291 729
757 331
318 -750
-410 664
649 -511
751 -351
7 796
-505 591
-87 -795
546 -615
714 410
440 -691
48 -804
365 -731
-714 -297
-767 63
816 -156
-249 746
178 -790
717 406
-182 767
-486 607
-581 -520
-633 -452
828 55
787 -262
607 550
-258 742
803 -209
-379 -692
631 524
-49 792
663 485
-746 192
-752 -172
565 -599
788 251
434 686
818 -141
303 748
679 -472
641 512
203 -785
-619 464
-767 -68
23 -804
52 796
-747 -196
-118 782
-621 -469
676 -476
-652 -423
495 -655
636 -527
-387 -687
-531 566
247 -774
-153 775
-475 617
274 758
-67 -798
2 795
-720 -283
759 326
568 588
777 -291
523 -634
-677 370
-722 -278
430 689
701 432
-744 197
295 -759
-769 -53
-214 -766
-766 78
-509 587
-216 757
-636 439
196 779
824 -101
-732 240
57 796
-180 -776
-660 400
-363 693
-117 -790
112 792
-674 -383
-601 488
801 208
792 -248
-768 48
-27 -802
-770 -22
672 473
-397 672
335 735
-332 710
583 575
759 -332
28 -804
-24 794
-230 753
696 -447
-766 -83
-724 264
290 -761
-481 -619
62 795
-422 656
812 164
74 -803
-669 -392
829 24
255 764
647 505
769 303
-767 68
553 602
-376 685
342 -741
-668 387
-538 559
527 -631
-341 705
-493 -610
-707 306
753 -346
780 275
-344 -711
-554 -550
-339 -714
-261 -749
-158 774
-2 -803
312 745
-646 -431
828 -61
675 469
-765 83
-187 766
718 -413
693 444
-737 -230
-743 -211
-396 -681
-107 -792
-540 -565
288 753
669 477
622 -542
-758 -142
609 -557
482 -664
139 -797
-314 718
-753 -167
-751 -177
137 789
-740 -221
-409 -673
-7 -803
651 501
704 427
307 746
-254 744
535 -625
-615 -477
-769 -37
-17 -803
-572 523
829 40
702 -438
-450 -644
43 -804
789 -258
803 203
-404 -676
-544 -561
-442 -650
-295 727
-755 -157
-471 620
-547 -558
-146 -784
12 796
-578 -524
541 611
811 -175
153 -794
-3 795
317 743
-665 -401
-561 -543
280 -764
765 312
614 542
542 -618
814 -165
615 -549
-530 -576
117 791
-446 -647
-749 -187
-74 789
218 -782
423 -701
549 605
-763 98
739 367
-498 597
-719 278
-722 269
572 585
187 781
-690 -352
264 761
-143 777
557 598
-516 580
691 -455
-127 -789
142 788
285 -762
-715 287
823 105
53 -804
-406 667
-662 -405
818 134
206 776
368 721
830 -21
-19 795
37 796
208 -784
134 -797
-502 594
-112 -791
191 780
-515 -589
157 786
33 -804
763 317
-494 601
514 633
-280 -741
-738 221
526 624
-770 -12
-175 -777
814 154
-754 157
569 -595
-318 716
346 -739
-458 -638
564 592
-692 -348
779 -286
783 265
515 -640
685 -463
-682 361
510 636
-767 -78
321 741
-383 -689
-713 -302
-151 -783
829 -51
-716 -292
-764 -103
211 775
826 75
-429 -659
820 119
-62 -799
-211 759
-697 329
309 -754
755 -342
740 -373
-29 794
-744 -206
351 -737
222 -781
807 188
748 349
345 732
-686 -361
443 681
-345 703
481 657
252 -773
-613 472
-739 -226
-684 356
-768 -58
323 -748
489 651
-736 -235
-454 -641
-709 -311
805 193
-418 659
-739 216
545 608
-628 451
399 706
493 648
782 -277
-566 530
586 571
271 -767
-665 392
657 493
-638 -444
152 787
-549 549
-244 748
826 80
684 457
-728 -259
79 -803
-348 -709
706 423
-477 -623
-641 -440
611 546
221 773
822 110
87 794
147 787
408 701
-689 347
-761 118
-524 573
-162 773
77 795
8 -804
-185 -775
328 -747
597 560
-741 211
587 -578
293 751
-594 -505
355 -735
-358 695
-330 -718
245 767
830 19
612 -553
-303 -731
-103 785
580 -585
666 481
-657 -414
363 723
681 461
-768 58
822 -116
-122 -790
163 -793
787 256
598 -567
-763 103
810 174
710 -426
-576 519
-562 534
-733 -245
-769 38
491 -658
-756 148
337 -743
-370 -697
729 384
-759 128
266 -768
97 793
-131 -788
632 -531
-591 -509
-275 -743
720 -408
-323 714
687 453
530 621
-687 352
456 673
485 654
18 -804
-98 786
829 45
-352 -707
-34 793
819 -136
537 615
-670 383
773 294
-769 -42
-128 780
279 756
-321 -723
722 397
414 -706
619 -546
694 -451
449 -686
-401 670
-285 -740
774 289
600 557
732 380
-417 -668
453 -683
-736 226
821 114
699 -443
-677 -379
-747 187
811 169
104 -801
-748 182
-247 -754
447 679
-766 -88
-718 -288
-277 735
-770 18
349 730
707 -430
621 535
396 -715
-243 -756
-171 -778
558 -605
-675 374
-691 343
531 -628
791 242
-326 -721
-760 123
728 -395
642 -519
645 -515
-84 788
-701 -329
829 -36
-438 -653
227 -779
-768 -63
828 50
-463 626
804 198
-627 -461
816 144
-765 -98
-680 365
457 -680
358 725
799 218
830 9
830 4
682 -467
-54 792
823 100
392 -718
-625 455
124 -799
-610 476
-705 -320




5
0 0
-1 3
2 5
5 3
4 0
2.000000000000000
1 2 1 2 1
2.692582403567252
1 2 1 2 1



3
0 0
0 1
0 2

4
0 0
0 1
1 0
1 1

17
819 127
499 -652
719 403
701 -439
-27 794
-722 -278
813 -167
-770 12
-312 719
-60 -799
233 -778
265 761
-710 300
-550 547
-572 -531
525 624
-341 -713

147.351620282913754
1 2 2 1 1 1 2 2 1 2 1 2 1 2 2 1 1





5
0 0
-1 3
2 5
5 3
4 0

2.000000000000000
1 2 1 2 1



4
0 0
0 1
1 0
1 1




17
819 127
499 -652
719 403
701 -439
-27 794
-722 -278
813 -167
-770 12
-312 719
-60 -799
233 -778
265 761
-710 300
-550 547
-572 -531
525 624
-341 -713

147.351620282913754
1 2 2 1 1 1 2 2 1 2 1 2 1 2 2 1 1
147.35162028291376
1 2 2 1 1 1 2 2 1 2 1 2 1 2 2 1 1
0 1 2 3 4 5 6 7 8 9

