930 1 10
43

10 4 2
12

3 10 10
20



930 1 10
43
11 3 4
14
6 1 2
4
10 4 2
12
FAILED Task_25.py::test_nice_game[10-4-2-12] - assert 10 == 12
FAILED Task_25.py::test_nice_game[6-1-2-4] - assert 3 == 4
FAILED Task_25.py::test_nice_game[11-3-4-14] - assert 13 == 14
FAILED Task_25.py::test_nice_game[930-1-10-43] - assert 27 == 43


3 10 10
20


966 3 10

993 13 919181
932064


930 1 10
43
931 1 10

966 3 10

14 2 2
8
11 1 1
4
10 4 2
12
11 3 4
14

930 1 10
43

10 5 0

7 0 2
2


11 1 1
4
8 1 1
3

10 0 5
5

3 0 1000000
999 0 1000000
1000000
1 0 1000000
0
999 0 0
0


2 0 0
0
1 0 0
0

11 3 4
14




10 0 5
5
7 0 2
2
8 1 1
3
11 1 1
4






14 2 2
8

999 0 1000000


